15
Location Index:Agents
4:29,92,49,38,74,60,54,43,20,84,1,35,15,29,95,98,10
2:51,89,60,39
9:26,43,14,82,77,36,47,99,71
0:68,66,3,3,74,12,5,63,13
4:55,20,64,3,49,18
2:44,84,73,99,57,7,18,67,53,7,91,57,33,83,96,77
2:28,77,65,26,83,63,3,67,33,52,57,48,83,78,33
6:32,8,92,16,93,87,86,55,92,61,14,80,98
7:90,31,37,91,93,19,3,67,8,6,71,63,84,11,71,39,24,69,24
8:72,62,74,51,49,7,94,46,83,41,45,88,19,70,4
9:81,84,82,76,32,39,31,62,10,97,62
8:1,67,9
3:93,98,11,42,96,80,85,8,37,48,9,69,70,39,31,92,98,31
6:97,60,55,30,50,42,36,36,37,36,5,23,62,45
6:2,89,12,55,98,19,89,8,86,65
