19
Event Index:Location Index:Agents:Time Interval
47:2:42,91,48,97,39,28,8,83,8,89,96,81:10
48:9:86:45
49:5:99,97,62,38,25,74,56,0,71,54,9,28,83,45:45
50:7:24,14,90,52:30
51:2:63,23,85,37,98,67,72,90,36,7,26,2,79:60
52:9:92,19,68,37,99,32,59,44:10
53:2:63,62,83,60,73,47,53:30
54:8:36:60
55:3:62,30,22,97,71,39,87,29,68,20:45
56:6:39,59,57,72,23,8,2,96,51,41,53,32:10
57:7:66,0,29,26,9,32,70,16,66,18,6,42,53,1,36,47,49,51,31,67,11:30
58:9:0,81,93,0,21,94:10
59:7:49,15,79,16,85,85,77,42,17:30
60:9:99,17,79,43,57,37,89,12,30,1,58,37,94,50:60
61:9:28,10,1,24,96,31,99,83,30,51:30
62:6:82,29,6,94,65,67,32,67,11,64,85,30:45
63:4:66,97,42,25,58,84,57,22,66,88,18,29,30,51,96,49,80:45
64:6:29,63,20,30,59:45
65:5:44,58,24,92,31,24,23,44,10,32,10,82,31,58:30
