19
Event Index:Location Index:Agents:Time Interval
28:4:50,3,13,22,46,14,35,94:60
29:1:1,78,44:30
30:4:93,33,15,68,84,94,20:45
31:0:38,86,74,12,19,76,38,66,58,90,95,66,59,59,20,58,59,74,80,22:10
32:8:86,75,90,77,8,88,93,57,96,60,43,65,30,76,45,79,90,29,85,10:30
33:5:49,28,55,80,76,47,90,23,97,24,54,60,49:30
34:4:7,27,76,68,85,82,34,20,50,49,42,49,71,48,36,70,85,24,92:10
35:1:91,56,91,80,47,95,31,96:60
36:8:35,6,27,21,60,50,42,38,86,48,53,34:30
37:3:75,47,90,17,97,21,1,85,2,58,70:45
38:6:38,32,7,32,21,28,40,78,30,28:10
39:2:79,43,40,62,43,6,47,42,6,87,73,80,99,84,46,26,92:30
40:6:62,38,87,45,37,24,46,52,70,19,17,32,68,52,42,1,71,87:10
41:4:24,72,62,61,38,29,42:45
42:1:87,69,79,71,68,54,24,43,43,96,67,48,97,87,61,44,13,26,7:30
43:8:96,64,43,63,5,31,67,23,58,44,14,9,15,6,64,87,81,64,1:30
44:8:2,44,12,24,78,23,37,94:10
45:3:79,81,24,68,44,7,91,46,74,27,41,13,13,43:60
46:4:83,44,39,29,86,51,95,43,62,86,35:60
