17
Location Index:Agents:Time Interval
5:27,68:10
9:34:60
6:12,16,55,23,59,24,96,9,94,63,65,23,13,86,49,98,78,41,89,45:10
4:51,26,83,88,43,59,17,67,21,9,26,54,85:45
2:56,69,37,67,50,3,28:30
0:57,30,66,27,37,58,42,82,47,90,86,89,86,75:30
2:99,59,82,38,38,31,61,23,10,70,62,47,66:10
4:69,24,63,26,87,28,36,91,28,86,80:10
1:49,78,77,56,26,26,92,38,47,64,54,45,46,74,46,8,86,50,55,76:30
2:91,9,88,70,2,19,72,0,43,88,15,26,93,81:60
7:77,62,88,76,28,37,29,92,97,55,2,19:30
5:4:30
8:74,3,31,48,6,32,63,79,99,32,95,1,50,16,29,7,99:10
7:89,75,36,95,17,40,58,64,53,11,69,70,34,21,12,53,26,23,38:45
8:4,8,42,46,82,18,58,38,33,76:45
7:97,93,67,45,10,4,89,55,43,42,86,65,28,77,44,63:60
2:46,18,6,75,17,6,15,69,22,75,58,36:10
