16
Event Index:Location Index:Agents:Time Interval
66:9:4,84,41,69,23,72,36,85,75,39,78,25,52,43,67,76,22:10
67:4:2,32,95,64,27,56,24,40,89,51,29,23,25,68,27,18,12:10
68:2:39,65,44,26,25,7:30
69:6:15,2,4,51,16,41,31,15,91,93,2,34,36,79,14,87:60
70:8:58,42,18,66,15,94:30
71:5:75,96:45
72:5:61,19,16,95,59,84,11:45
73:2:88,42,14,19:10
74:7:0,13:45
75:7:23,67,88,45,38,48,19,12,64,69:10
76:0:43,6,88,15,14,27,35,26:45
77:4:83,3,61,4,80,67,34,61,92,72,99,70,71,80,22,92,48,23,46:45
78:5:50,89,89,32,79,95,93,71,4,73,22:45
79:1:43,96,60,7,7,1,53,11,67,87,75,41:10
80:1:13,47:10
81:2:38,21,18,28,1,96,5,96,3,38,12,85,38,83,51,68:30
