13
Event Index:Location Index:Agents:Time Interval
0:9:71,64,17,78,55,19,99,85,42,54,88,52,82,23,21,76:30
1:6:86,99,37,61,94,92,28,31,76,35,8,98,75:10
2:6:68,16,16,64:10
3:0:40,67,58,19,36,75,31,18,98,59,87,45,93,21,72,27,86,62:45
4:0:11,51,76,1,3,89,94,28,24,79,27,98,57,3,32,55,62,48:60
5:6:83,34,97,79,62,15,51,60,47,10:30
6:7:36,96,92,53,61,18,84,6,80,93,72,32,97,80,17,78,48,89:60
7:2:12,50,45,12,11:10
8:1:78,93,0,77,29,87,8,67,1:10
9:7:91,43:60
10:3:49,86,80:10
11:7:82,42,75,61,58,84,30,28,9,52,37,68,12,53,77,36,24,35,60:45
12:9:16,15,70,44,55,55,84,4,85,68,27,72,7,10,66,28,27,35,71,85:30
