15
Event Index:Location Index:Agents:Time Interval
13:1:30,73,91,64,23,68,44,40:30
14:3:26:60
15:8:67,58,26:60
16:5:1,51,39,28,35,23,79,63,54,35,90,60,60,50,50,1:45
17:2:52,68,50,76,22,62,67,49,89,21,74,55,87,70,84,8,32,57,19:30
18:5:94,94,88,57,74:30
19:8:22,55,43,7,54,10,91,49,14,42,62,55,18,66,17,21,46,71,45,8,95:45
20:2:28:60
21:7:44,34,94,96,42,14,12,65,6,78,29,86,4,63,63,68,63,68,68,8,18:45
22:6:35,9,53,11,39,75,68,27,50,45,10,70,62,72,63,52:45
23:2:31,57,3,96,65,60,77,85,60,39,52,2,29,43,10,56,41,99,62,75:30
24:8:48,96:45
25:2:72:60
26:4:40,47:60
27:1:11,35,63,77,31,88,42,44,89,91,73,52,78:60
