16
Location Index:Event ID:Agents:Type
0:76:32,39,57,76,112,128,130,132,162,166,213,232,245,293,324,343,388,401,427,432,440,447,448,455,465,470,487,503,504,508,516,529,533,536,572,583,589,605,606,607,613,665,673,688,704,726,741,758,769,787,808,817,871,887,909,914,923,934,955,967,975,992,996,1000,1010,1015,1033,1045,1049,1053,1088,1090,1116,1125,1126,1140,1165,1170,1175,1215,1225,1227,1238:Class
0:77:3,20,25,32,82,83,90,105,118,127,177,182,186,240,257,287,289,297,300,305,311,330,348,357,358,359,368,370,372,384,398,414,448,479,484,488,494,521,535,546,552,580,595,597,625,638,644,672,718,741,750,760,763,796,826,883,885,915,923,939,955,985,990,998,1027,1033,1044,1064,1073,1110,1122,1137,1148,1158,1172,1173,1175,1193,1208,1229,1236:Class
0:78:48,65,79,80,110,113,118,119,177,190,191,207,209,227,229,232,254,260,292,300,381,382,429,439,446,463,476,494,529,533,537,563,566,568,569,586,636,639,654,660,664,665,668,671,749,750,755,766,776,777,783,799,801,803,807,812,829,892,893,928,947,988,996,1015,1042,1055,1056,1102,1118,1121,1154,1175,1194,1216,1227:Class
0:79:4,16,19,31,46,47,70,82,86,89,92,101,102,109,133,135,162,169,186,217,240,248,252,264,303,310,318,347,362,365,404,407,422,426,438,450,462,489,499,505,508,514,542,547,552,570,586,616,630,647,657,672,692,696,715,726,788,793,845,865,889,899,901,928,929,947,948,954,964,965,972,984,997,1038,1056,1094,1124,1165,1173,1203,1225,1233:Class
0:80:40,42,43,73,77,80,89,127,151,154,156,160,165,176,183,186,195,209,266,276,291,301,359,385,402,413,423,425,433,456,458,461,506,509,511,514,519,534,570,574,603,642,645,663,696,707,725,740,741,742,757,762,821,828,835,842,857,861,886,887,889,908,939,944,977,1031,1038,1056,1061,1109,1110,1145,1148,1195,1208:Class
0:81:10,43,70,78,93,106,112,125,150,157,176,184,185,202,233,251,265,291,301,317,365,372,386,396,410,427,429,445,451,489,502,506,563,576,593,605,632,634,665,673,686,722,723,745,749,752,764,772,773,785,807,810,826,890,907,909,915,998,1001,1012,1033,1042,1043,1044,1073,1075,1104,1108,1147,1162,1164,1188,1197,1199,1228,1229,1233:Class
0:82:15,59,66,76,84,89,100,105,110,131,159,165,186,201,220,256,265,284,296,323,347,352,359,362,366,373,407,413,466,479,497,501,542,551,579,591,592,633,672,698,724,760,762,777,798,837,859,878,904,930,948,981,993,998,1003,1030,1062,1074,1080,1095,1122,1147,1151,1168,1179,1183,1212,1227:Class
0:83:4,8,41,50,69,80,85,97,98,102,112,124,139,150,157,166,171,193,203,207,210,217,219,231,239,272,281,295,299,308,316,348,350,366,425,431,433,442,445,447,453,467,489,515,584,601,605,608,626,635,639,641,647,665,671,717,730,733,766,772,856,868,883,915,928,944,958,961,969,970,976,985,988,998,1004,1013,1025,1034,1041,1045,1052,1076,1077,1089,1121,1124,1140,1148,1162,1185,1190,1211,1231:Class
0:84:9,18,28,57,63,66,82,87,91,106,130,150,156,157,160,161,168,182,185,192,244,249,256,264,265,305,326,333,335,353,366,378,383,401,424,446,471,477,482,495,501,510,523,532,557,573,577,588,590,602,636,681,687,705,712,724,745,749,750,756,828,829,880,903,908,920,973,979,989,996,1035,1043,1050,1053,1081,1085,1094,1096,1113,1120,1123,1159,1173,1178,1196:Class
0:85:9,44,49,86,95,105,136,139,161,163,188,254,291,298,314,324,336,368,381,382,417,423,425,430,446,451,461,474,476,487,501,511,546,547,603,622,650,707,713,742,776,796,806,807,837,851,857,858,903,905,985,987,990,1089,1115,1122,1183,1187,1195,1206,1213,1216,1227,1232:Class
0:86:16,18,35,36,65,72,90,95,121,146,152,158,161,171,173,192,211,274,294,314,317,354,387,393,394,413,475,477,492,519,522,529,535,550,553,555,558,561,605,647,673,684,691,721,762,798,818,840,849,859,890,892,916,981,1003,1028,1068,1069,1082,1100,1125,1133,1169,1185,1193,1215,1216,1225:Class
0:87:27,33,46,85,86,118,123,125,126,145,155,160,171,251,275,280,298,300,310,323,339,341,343,353,396,409,410,418,427,446,449,457,460,487,506,513,536,551,566,568,579,580,650,653,716,717,732,748,773,778,825,842,843,850,870,878,884,885,890,930,944,1009,1013,1019,1032,1033,1042,1050,1056,1068,1088,1092,1159,1166,1190,1203,1226,1231,1232,1237:Class
0:88:56,72,78,126,134,159,185,241,248,274,287,296,310,331,348,354,372,384,403,405,414,433,465,526,532,555,565,581,621,631,638,643,658,692,703,719,734,740,761,762,768,788,811,841,848,889,900,914,923,951,954,957,972,1034,1045,1050,1054,1122,1155,1196,1207,1215,1226,1238:Class
0:89:19,23,28,34,91,112,118,136,168,170,207,210,227,231,241,293,315,324,335,336,343,349,360,365,396,415,428,466,471,492,503,557,631,633,656,657,674,675,684,690,702,714,716,760,761,801,809,812,826,859,877,920,923,928,929,942,944,962,974,1010,1016,1031,1043,1047,1089,1097,1121,1128,1169,1173,1178,1215:Class
0:90:29,40,73,107,181,219,233,236,238,258,296,327,343,349,371,381,390,392,411,422,424,472,495,511,513,547,576,585,588,596,632,637,638,657,667,672,770,793,808,814,848,875,878,899,926,938,967,972,984,990,1018,1026,1043,1063,1072,1075,1085,1127,1135,1159,1166,1214,1216,1237:Class
0:91:8,28,61,82,114,120,163,169,194,198,249,256,273,291,296,301,353,354,358,408,423,427,439,440,454,456,480,493,521,522,523,533,552,555,559,574,590,614,618,638,642,643,648,670,673,684,695,697,710,721,728,737,757,759,760,788,799,841,845,846,902,942,951,973,1005,1028,1043,1068,1142,1183,1195,1197,1224,1235:Class
