20
Location Index:Agents:Time Interval
1:24,85,69,73,76,29:10
4:92,10,68,85,96,4,99,56,54,56,52,41,36:45
8:2,72,22:10
1:63,20,94,35,35,18,15,1,36,26,38,35,12:10
4:97,40,12,26,17,84,60,87,99,44,79,15,53:60
0:39,60,6,4:45
5:35,14,24,51,29,41,21,65:30
9:78,8,6,51,18,2,4,53,31,50:30
6:67,97,1,68,59,78,59:60
6:49,61,22,82:30
0:0,79,83,18,77,31,7:60
3:83,15,51,85,22,78,61,33,22,26,17,28,38,58,69,5,36,5,58:60
2:49,60,2:10
9:16,37,29,82,95,68,71,14,12,92,2,11,62,12,9,4,77:60
0:28,88:30
3:72,38,92,9,71,10,41,15,58,85,76,13,48,87,71,18,73,86:45
5:4,56,3:45
5:6,12,70,86,41,36,70,49,14,78,38,15,67,75,32,24,5,60:30
1:23,55:10
6:21,25,65,44,7,57,44,89,54,37,46,93,50,24:45
