35
Location Index:Event ID:Agents:Type
0:41:16,25,36,50,67,90,113,143,160,178,210,215,231,238,279,287,296,301,323,345,350,374,378,384,393,410,418,436,440,447,448,457,481,502,532,539,552,558,559,583,587,590,602,642,654,664,668,672,673,674,702,721,800,814,823,841,885,895,932,943,948,972,988,1031,1032,1110,1127,1136,1167:Class
0:42:25,29,34,37,57,79,81,86,87,109,113,121,129,152,160,232,234,245,247,248,253,275,276,284,285,286,288,293,314,328,344,357,390,407,424,467,472,473,497,501,503,535,563,568,575,589,592,593,618,619,629,664,671,686,695,710,722,744,765,773,790,799,811,844,849,861,874,899,908,952,989,1011,1025,1027,1056,1064,1065,1089,1096,1114,1140,1142,1147,1154,1160,1188,1190,1209,1212,1229:Class
0:43:3,36,43,59,70,79,87,96,118,143,145,152,175,192,227,230,231,233,234,239,252,268,277,337,347,352,402,423,431,444,451,453,467,472,508,519,522,526,549,557,571,588,602,611,615,627,671,673,675,685,698,700,702,707,717,733,774,777,781,805,818,825,851,853,863,884,928,936,944,946,952,957,1001,1006,1016,1025,1031,1032,1033,1052,1140,1143,1163,1170,1176,1178,1188:Class
0:44:4,32,43,47,53,56,100,130,141,160,176,207,288,305,313,343,347,386,457,474,510,516,519,521,536,556,559,593,608,617,623,641,649,685,722,730,746,749,779,809,924,935,952,961,977,997,1012,1022,1026,1027,1038,1068,1086,1093,1104,1110,1126,1136,1143,1151,1156,1160,1173,1200,1203,1208:Class
0:45:8,10,15,23,44,69,72,80,81,84,91,104,105,110,127,215,234,238,241,251,266,275,291,293,300,340,347,355,363,368,418,445,467,510,526,547,553,578,579,587,624,625,632,653,664,667,673,676,677,734,772,797,803,835,852,861,864,907,950,971,978,1003,1010,1016,1033,1088,1093,1118,1164,1175,1187,1190,1208:Class
0:46:49,53,70,78,81,85,106,142,145,149,209,214,225,246,251,271,276,277,286,301,316,342,352,365,366,399,424,436,442,447,449,479,482,486,502,574,582,587,588,622,623,630,660,687,701,711,726,759,763,784,793,863,885,900,908,938,941,942,975,982,1013,1064,1093,1141,1158,1225,1236:Class
0:47:15,32,34,52,69,73,93,101,106,115,149,162,185,203,224,247,311,323,337,350,361,362,407,418,441,444,452,460,467,469,490,493,495,499,513,519,543,548,550,573,586,600,644,653,656,658,671,672,677,721,734,756,766,770,771,785,793,809,814,820,823,838,888,910,915,929,971,977,982,985,1006,1054,1114,1118,1126,1127,1133,1142,1154,1162,1167,1187,1221:Class
0:48:18,19,22,34,73,80,83,101,102,113,146,155,156,177,226,237,249,258,323,350,351,355,368,410,424,439,444,451,456,458,469,484,494,504,505,511,516,523,546,551,558,563,577,634,640,666,719,720,725,746,775,780,798,806,850,871,878,880,905,928,929,948,965,966,984,988,1003,1105,1126,1143,1158,1225,1232:Class
0:49:13,48,49,74,81,82,102,128,155,163,173,182,191,194,213,292,304,307,347,362,371,376,406,419,429,437,451,453,454,500,518,523,544,565,570,575,591,611,639,658,696,728,739,768,774,779,790,818,820,840,875,876,905,941,944,958,963,965,972,975,997,1004,1011,1035,1037,1056,1069,1088,1090,1109,1117,1138,1155,1173,1192,1217:Class
0:50:3,12,28,36,91,93,98,105,110,117,121,125,129,131,136,142,149,157,168,181,185,187,201,203,208,221,235,250,258,265,284,296,297,315,340,370,411,414,416,430,440,463,473,508,509,514,590,596,616,623,660,675,680,687,757,766,768,792,808,874,876,914,933,938,947,964,992,999,1001,1006,1035,1040,1041,1080,1088,1094,1098,1117,1138,1174,1212,1213,1215,1222,1228:Class
0:51:4,15,30,59,80,91,93,110,142,184,198,203,238,251,280,308,316,328,360,364,373,407,408,445,450,454,457,470,478,485,548,550,565,571,587,589,593,604,609,610,636,646,752,757,797,885,914,916,997,1004,1014,1054,1059,1068,1069,1082,1103,1106,1130,1133,1169,1203,1221,1232:Class
0:52:2,13,25,35,43,64,72,85,87,95,110,114,155,156,178,209,213,220,227,253,260,267,280,315,316,340,356,366,381,386,395,411,433,440,446,463,498,502,563,575,580,587,602,610,615,616,626,632,664,666,692,710,725,746,748,775,817,820,823,825,838,846,886,900,914,928,946,972,975,978,1000,1012,1027,1034,1153,1156,1165,1197,1212,1226:Class
0:53:66,69,81,109,129,168,177,178,196,221,224,234,240,253,268,272,276,287,300,303,313,316,330,338,358,362,438,460,477,481,492,493,504,548,552,565,566,588,589,595,601,602,615,654,690,756,765,773,829,837,845,852,892,941,944,951,952,953,985,1010,1025,1032,1044,1050,1065,1067,1076,1104,1108,1113,1116,1121,1127,1130,1131,1158,1224,1237,1240:Class
0:54:13,35,50,82,109,118,121,122,124,140,142,150,163,167,183,195,203,207,212,217,220,226,245,260,264,267,272,281,324,329,330,378,411,426,429,446,462,473,475,493,505,506,508,578,592,606,608,619,624,675,699,701,709,740,773,824,854,909,952,965,1031,1040,1041,1077,1118,1135,1137,1158,1159,1183,1185,1204,1212,1214,1229:Class
0:55:20,32,55,61,63,91,114,121,124,126,130,134,138,139,140,158,227,271,283,295,308,313,352,363,365,374,381,414,426,436,457,472,481,507,544,565,600,605,626,653,727,751,762,763,799,811,859,901,902,904,909,914,916,924,953,963,966,977,980,1001,1002,1006,1014,1015,1027,1037,1042,1097,1101,1136,1138,1166,1185,1199,1208:Class
0:56:11,66,73,74,93,95,99,111,112,137,177,186,210,211,231,233,254,267,274,284,299,304,310,316,324,368,373,386,408,410,430,435,481,511,514,570,580,591,620,674,678,686,720,722,726,742,748,757,779,788,790,791,805,821,826,833,835,838,859,867,912,921,924,948,953,964,979,1006,1014,1016,1059,1061,1071,1078,1079,1104,1116,1127,1168,1183,1190,1192,1231,1237:Class
0:57:5,8,27,33,36,69,95,100,106,173,184,188,219,222,233,244,247,266,277,284,299,345,358,379,437,451,457,461,477,482,487,488,517,526,536,560,569,570,596,654,669,670,694,698,700,707,730,767,802,807,815,817,818,827,846,848,863,885,900,916,919,931,933,966,1010,1020,1053,1083,1124,1129,1141,1176,1183,1189,1191,1213,1220:Class
0:58:14,38,55,66,80,82,145,147,154,186,192,195,209,237,249,257,264,268,294,305,326,328,340,360,369,383,384,391,401,431,435,464,465,488,499,517,521,539,547,562,566,588,597,605,615,616,626,641,645,648,663,666,671,793,799,810,837,888,892,939,960,967,1002,1003,1012,1024,1031,1040,1043,1052,1137,1151,1158,1170,1175,1177,1179,1191,1192,1209,1215,1229,1240:Class
0:59:2,65,70,79,90,128,182,190,198,220,222,236,270,272,278,307,311,348,352,358,364,378,384,389,400,422,431,443,469,473,476,479,486,487,506,515,528,540,547,562,589,595,625,626,630,649,654,663,666,692,716,744,779,790,792,803,840,852,904,923,946,948,956,969,970,977,984,997,1000,1025,1026,1027,1028,1029,1031,1067,1069,1115:Class
0:60:12,24,40,61,73,86,88,89,92,117,123,127,130,133,134,162,206,215,219,220,257,269,292,310,319,366,385,401,408,411,421,423,446,456,466,486,503,514,521,525,606,630,633,648,670,672,683,719,739,749,821,838,845,919,949,963,969,1008,1013,1017,1020,1027,1053,1058,1065,1075,1118,1125,1128,1129,1133,1141,1152,1155,1159,1176,1185,1186,1190,1191,1193:Class
0:61:46,61,84,89,96,98,102,106,109,112,122,127,139,165,171,198,224,228,235,240,296,297,305,309,341,353,367,371,381,382,395,398,401,416,453,484,485,487,513,514,550,553,579,580,582,588,589,590,615,637,643,646,649,657,671,687,719,759,773,780,792,818,827,902,903,904,916,919,925,973,991,998,1033,1076,1108,1143,1155,1156,1181,1224:Class
0:62:4,26,28,35,50,51,72,80,91,110,126,136,150,162,166,186,217,223,232,239,240,247,267,281,287,311,319,328,347,348,394,409,431,464,481,521,526,554,569,573,587,600,606,616,625,627,647,657,668,673,679,688,700,701,706,720,725,749,757,759,772,777,794,840,846,859,889,892,949,977,1018,1099,1135,1136,1155,1164,1182,1185,1239:Class
0:63:3,13,20,54,56,84,90,100,164,169,179,187,206,244,250,307,316,326,352,354,378,391,397,408,417,418,431,454,472,491,509,521,532,536,557,593,602,603,609,627,658,666,707,717,727,731,751,759,783,807,849,899,905,910,918,919,953,962,969,970,999,1001,1080,1100,1127,1156,1189,1190,1192,1225:Class
0:64:21,38,46,60,62,65,86,93,95,106,117,156,158,167,192,198,251,256,258,271,275,289,327,349,353,386,393,426,427,444,450,475,478,479,489,499,512,543,546,552,559,580,605,608,627,630,638,658,669,672,681,701,705,724,744,791,807,816,822,827,829,844,854,863,878,887,889,895,902,925,947,953,958,989,1037,1127,1136,1162,1168,1220,1235:Class
0:65:3,4,53,65,78,93,103,105,134,158,165,193,197,209,224,227,228,274,276,284,338,340,364,367,375,390,392,396,412,414,416,419,435,448,486,501,512,515,540,555,564,568,574,583,631,636,641,671,676,681,686,748,772,775,786,790,798,807,814,817,818,852,873,886,915,925,930,947,954,984,997,1019,1020,1025,1074,1084,1110,1114,1129,1146,1147,1168,1173,1178,1198,1224,1225,1227,1232:Class
0:66:9,36,42,48,138,183,188,207,251,262,274,289,299,316,326,338,343,357,358,362,378,390,399,411,418,427,451,460,475,482,497,507,510,535,539,541,544,553,574,587,599,631,659,676,678,681,700,701,718,753,755,756,777,801,862,885,900,904,908,969,989,999,1056,1075,1077,1100,1122,1136,1151,1187,1188,1203,1211:Class
0:67:1,2,5,48,57,89,97,204,220,228,231,232,233,245,260,288,307,319,344,359,370,372,373,399,406,419,444,479,488,491,499,519,531,567,569,572,579,615,625,640,670,673,678,684,692,704,709,762,776,777,793,795,805,850,858,919,932,933,938,1004,1016,1018,1019,1037,1065,1105,1117,1122,1125,1126,1132,1153,1165,1169,1175,1205,1231,1239:Class
0:68:0,7,9,34,78,95,119,165,168,170,182,220,276,293,295,314,347,356,377,381,430,472,485,490,538,584,593,616,619,635,650,652,670,691,705,709,725,760,786,800,812,849,860,902,909,917,932,933,940,947,967,1008,1015,1054,1061,1129,1146,1155,1164,1167,1169,1192,1210,1218,1223,1229:Class
0:69:13,49,100,114,120,126,142,145,169,198,210,262,273,284,290,295,326,357,359,360,378,392,394,419,436,446,447,461,473,485,509,547,580,584,586,627,635,641,644,645,650,653,665,668,681,684,709,721,754,758,829,858,893,910,929,946,951,963,970,973,1030,1041,1044,1060,1100,1101,1115,1130,1135,1136,1143,1157,1170,1180,1187,1197,1212,1231:Class
0:70:13,17,18,23,36,46,100,106,117,120,134,152,159,167,176,187,263,276,304,318,328,349,352,366,379,381,382,419,526,539,542,573,574,597,603,630,633,640,641,674,701,702,717,726,727,744,745,791,827,847,878,901,908,939,946,977,990,1019,1028,1044,1052,1063,1074,1116,1127,1134,1163,1207:Class
0:71:4,20,31,61,65,124,129,141,158,168,171,188,224,247,251,254,262,263,267,275,295,309,315,319,323,382,396,417,445,447,454,478,480,485,531,555,605,614,618,619,626,627,655,660,672,674,687,704,709,716,726,770,798,799,810,842,844,861,905,937,954,978,986,987,1030,1037,1050,1054,1064,1100,1105,1110,1128,1138,1144,1145,1210,1215,1218,1224:Class
0:72:7,10,12,21,32,64,65,102,158,173,192,205,264,267,269,272,286,366,419,425,436,437,451,467,481,506,519,540,570,590,592,597,614,632,644,650,659,681,683,692,693,705,710,715,789,815,821,859,868,887,888,902,909,910,933,956,965,967,981,1001,1009,1019,1032,1034,1044,1049,1066,1068,1073,1079,1117,1121,1160,1165,1174,1194,1203:Class
0:73:23,35,40,61,76,84,91,120,128,134,153,176,180,182,188,202,243,261,262,313,319,338,354,388,401,454,483,507,513,515,543,554,559,571,575,577,604,624,676,685,696,707,717,720,745,758,768,775,791,793,823,826,829,842,849,857,871,889,904,908,923,947,951,976,996,1040,1045,1048,1054,1058,1063,1065,1070,1076,1115,1130,1139,1146,1163,1174,1183,1192,1199,1204,1225,1232:Class
0:74:56,63,65,74,86,91,129,163,194,196,252,253,254,256,257,259,281,282,289,305,316,326,330,338,357,432,460,468,473,481,483,500,505,507,522,536,570,593,596,600,602,615,666,699,700,704,717,722,736,751,759,780,789,811,825,842,885,888,960,967,1020,1030,1039,1045,1047,1061,1069,1074,1075,1079,1110,1116,1133,1136,1148,1190,1234:Class
0:75:6,25,52,62,70,81,102,129,132,139,168,213,219,220,247,257,270,286,296,350,358,367,377,381,394,412,415,428,482,546,548,552,556,559,561,563,571,651,654,661,684,690,695,701,716,718,719,738,760,788,805,821,838,851,886,897,913,916,920,940,986,996,1043,1047,1067,1068,1069,1088,1115,1165,1175,1178,1197:Class
