40
Location Index:Event ID:Agents:Type
0:1:18,48,66,91,96,135,161,169,240,253,272,286,317,329,330,334,343,367,394,398,407,433,439,473,496,501,506,521,538,550,567,575,595,614,619,625,642,657,658,685,700,712,715,716,733,767,769,783,798,848,851,852,871,875,879,893,895,898,919,933,956,962,977,1003,1008,1041,1050,1051,1061,1077,1092,1101,1126,1156,1210,1233,1239:Class
0:2:53,57,72,95,100,112,119,125,129,135,191,192,196,239,261,272,304,308,330,395,396,413,450,459,472,473,477,488,495,518,520,525,555,571,594,611,617,635,640,642,644,671,689,758,766,775,779,786,787,793,818,826,846,851,859,872,891,893,914,931,964,976,981,997,1001,1035,1051,1057,1061,1114,1135,1140,1148,1151,1156,1166,1168,1183,1208,1236,1238:Class
0:3:3,4,20,30,45,46,86,103,152,162,164,167,194,226,228,229,230,247,257,275,320,372,389,398,416,423,467,468,471,477,503,510,541,548,557,561,567,576,597,653,666,675,677,686,704,708,744,751,761,769,790,791,805,809,816,824,838,863,878,884,900,909,917,939,942,947,949,954,958,974,1019,1020,1035,1051,1059,1096,1108,1126,1153,1160,1162,1164,1228,1229:Class
0:4:2,3,8,18,72,116,122,127,145,150,166,190,203,207,241,245,250,282,286,297,307,319,323,414,425,427,429,452,456,478,479,483,491,512,513,526,530,555,562,583,588,596,621,635,682,698,727,745,766,777,800,811,819,848,871,923,940,946,957,962,964,966,977,978,984,986,989,1010,1032,1044,1056,1061,1084,1088,1107,1112,1114,1115,1144,1160,1166,1207,1227:Class
0:5:11,48,57,64,84,98,117,137,157,170,233,266,275,280,285,294,298,299,304,331,342,425,445,461,463,472,479,481,484,491,497,541,579,592,601,607,609,623,678,684,729,760,771,797,836,849,896,899,930,939,946,966,978,1052,1076,1088,1096,1105,1114,1125,1131,1151,1154,1180,1202,1211,1224,1227,1228:Class
0:6:10,28,35,145,146,164,191,214,218,224,227,230,233,243,254,256,261,271,282,295,305,335,342,345,368,383,387,402,458,475,527,559,573,619,621,642,644,654,678,693,697,722,738,745,759,770,772,778,789,790,817,819,841,844,857,909,916,976,980,989,1037,1040,1063,1064,1109,1117,1140,1158,1194,1204:Class
0:7:7,8,25,53,56,58,76,128,143,175,230,232,235,241,244,247,257,267,268,287,299,311,312,353,379,396,407,410,411,416,435,445,452,504,508,522,524,593,601,603,622,623,624,625,630,663,689,749,758,769,805,817,840,854,855,858,876,882,899,903,912,919,942,963,978,1006,1034,1087,1100,1107,1118,1133,1178,1195,1237,1240:Class
0:8:20,43,51,61,72,95,97,112,130,135,139,149,150,179,207,237,292,306,322,324,362,370,373,406,436,472,475,512,514,520,525,552,563,583,641,646,648,668,682,720,723,726,755,771,798,807,823,832,835,837,842,864,884,907,924,938,966,990,991,998,1014,1015,1027,1030,1036,1038,1043,1096,1108,1112,1117,1152,1164,1178:Class
0:9:47,66,85,99,105,163,215,233,262,267,281,307,337,367,379,384,385,393,394,428,448,453,461,471,478,486,488,507,522,529,569,570,582,589,608,618,626,627,633,668,699,703,712,751,797,838,843,851,856,871,878,889,903,916,948,950,955,962,973,988,1015,1049,1075,1076,1090,1100,1115,1134,1163,1232:Class
0:10:11,28,35,46,55,62,78,87,113,118,119,145,146,156,172,174,184,204,229,230,245,258,262,277,280,281,309,311,323,343,366,379,383,393,419,428,429,448,458,478,486,488,497,533,535,546,554,593,604,612,626,637,638,654,660,678,689,705,721,737,745,757,775,805,828,829,833,834,851,857,874,893,917,956,957,966,976,982,990,1000,1038,1041,1047,1048,1059,1074,1106,1120,1168,1208,1217,1229,1236,1240:Class
0:11:10,13,27,33,89,162,194,203,213,243,252,264,280,293,330,339,351,363,369,374,415,423,453,543,553,563,564,565,568,577,595,614,617,618,640,645,692,694,717,718,761,769,811,816,826,848,858,868,871,892,894,895,900,916,921,949,953,962,982,989,998,1002,1003,1015,1020,1022,1046,1050,1074,1088,1095,1100,1102,1109,1167,1174,1183,1185,1186,1187,1190,1226,1236:Class
0:12:5,21,59,98,125,185,186,188,193,203,206,217,221,248,280,353,384,386,415,457,460,502,525,554,557,602,607,633,660,676,693,704,719,749,758,866,874,893,904,919,925,964,973,985,1019,1028,1075,1089,1099,1127,1148,1158,1167,1193,1208,1231,1233,1239:Class
0:13:13,115,126,133,140,163,188,194,203,207,213,224,256,259,262,265,280,295,309,323,337,347,372,403,422,450,456,463,487,491,501,514,535,554,562,583,586,674,676,714,723,806,817,837,843,845,851,874,877,878,879,905,910,911,949,954,959,988,1001,1012,1014,1015,1034,1066,1096,1098,1126,1129,1187:Class
0:14:0,4,9,25,32,52,62,75,79,84,96,119,125,144,193,206,230,249,253,260,274,308,319,352,375,384,391,393,396,399,415,427,430,453,456,502,513,521,525,543,580,586,590,609,623,664,676,694,709,746,750,761,764,778,787,828,846,857,885,896,899,904,905,925,927,930,946,949,954,960,962,965,993,1000,1005,1006,1020,1032,1063,1067,1071,1076,1077,1107,1114,1125,1149,1150,1171,1178,1179,1201,1212,1224,1232:Class
0:15:22,57,78,87,100,120,123,125,133,148,159,206,241,267,282,294,311,321,338,340,372,393,411,417,418,435,446,458,476,487,491,495,508,509,511,522,524,552,573,597,605,606,618,627,635,645,663,695,726,744,750,778,791,819,821,859,898,934,943,960,978,989,1004,1023,1065,1114,1117,1119,1130,1148,1175,1182,1218:Class
0:16:17,44,105,116,136,142,160,179,184,202,274,275,286,291,334,379,418,437,464,476,477,479,500,536,561,564,569,573,583,595,602,626,669,678,691,728,730,760,793,797,798,799,829,835,853,867,870,905,930,935,944,973,1000,1010,1028,1033,1038,1053,1065,1069,1075,1124,1128,1138,1141,1151,1167,1169,1191,1194,1226:Class
0:17:21,43,62,63,68,84,101,109,161,187,192,207,219,231,244,246,249,265,303,304,324,335,342,357,367,368,383,390,393,417,441,457,462,470,473,516,524,535,540,557,560,571,597,617,694,705,710,715,724,738,768,773,812,825,864,897,948,966,969,985,987,1006,1013,1094,1096,1109,1114,1115,1118,1143,1156,1185,1237:Class
0:18:3,59,78,173,178,185,192,221,227,228,230,288,293,330,355,364,367,377,395,396,401,410,415,426,438,465,485,488,489,493,502,507,564,565,581,584,617,645,647,709,725,738,811,826,830,845,883,888,890,904,905,942,955,974,1041,1061,1076,1081,1121,1141,1156,1165,1173,1195,1212,1225:Class
0:19:9,57,61,72,117,131,160,170,224,240,245,266,310,329,354,358,366,377,382,425,434,440,452,454,479,496,503,515,548,566,569,571,585,587,598,606,632,698,699,709,715,744,778,839,840,870,880,893,910,946,952,997,1004,1014,1028,1038,1045,1049,1055,1069,1094,1104,1105,1109,1115,1117,1122,1166,1238:Class
0:20:18,28,44,75,76,79,108,111,130,132,134,135,140,195,199,213,248,249,252,277,288,326,339,361,405,426,435,437,541,551,563,565,589,591,592,601,635,644,650,733,736,750,756,761,766,768,772,799,802,818,831,834,858,875,881,902,906,1017,1025,1026,1029,1057,1084,1107,1128,1143,1151,1188,1193,1195,1220,1236:Class
0:21:20,23,101,126,130,135,166,172,196,198,204,229,274,300,307,313,355,359,363,378,407,417,421,423,426,430,444,448,471,493,497,506,543,547,590,637,648,651,681,718,726,727,739,750,802,818,844,857,878,880,886,909,938,952,969,998,1015,1021,1045,1066,1125,1134,1231:Class
0:22:25,31,43,74,80,84,120,131,136,142,154,158,161,168,210,234,245,256,269,305,308,317,341,344,348,393,410,413,502,507,519,523,541,545,555,566,583,588,632,671,718,754,760,761,802,817,827,867,880,903,950,992,993,1018,1020,1045,1049,1051,1076,1111,1153,1159,1166,1180,1187,1192,1203,1221,1224,1233:Class
0:23:32,66,67,79,139,158,163,198,228,240,260,265,274,300,304,313,373,401,428,451,453,454,460,482,500,513,550,558,572,586,588,595,645,686,700,701,709,722,727,728,763,797,810,826,846,849,854,858,874,883,887,895,903,911,933,990,992,1000,1052,1104,1115,1116,1122,1131,1148,1170,1180,1188,1219,1238:Class
0:24:11,15,33,48,61,65,76,89,139,166,184,189,190,192,199,201,210,233,238,254,265,274,284,286,291,303,305,341,355,358,439,446,457,467,471,512,517,554,565,614,628,677,686,704,710,719,750,785,799,825,905,915,916,924,933,942,990,1008,1014,1036,1042,1044,1052,1059,1064,1080,1090,1096,1104,1116,1141,1163,1164,1194,1203,1216,1220:Class
0:25:31,34,44,55,62,68,78,93,98,110,117,129,213,252,276,289,300,305,319,359,363,365,394,401,413,432,435,483,501,508,512,523,528,540,541,544,545,562,565,582,583,609,617,618,621,644,658,663,676,677,697,713,725,742,745,756,766,788,825,845,934,960,963,976,983,1014,1044,1063,1116,1126,1161,1194,1220,1233:Class
0:26:7,13,41,45,46,114,136,154,160,191,215,223,246,276,289,293,297,304,358,367,381,393,463,477,493,547,589,602,609,631,647,664,674,698,709,725,758,761,784,788,807,817,825,838,852,865,897,904,923,935,958,969,988,993,994,1019,1036,1037,1040,1049,1077,1098,1110,1122,1130,1138,1166,1169,1175,1194,1232:Class
0:27:23,28,44,48,53,64,87,89,90,92,110,114,130,149,156,167,200,206,220,238,244,253,255,364,383,394,401,407,418,449,465,514,526,554,562,573,580,583,637,642,651,746,757,771,791,805,818,835,837,844,855,894,930,939,970,984,1000,1027,1047,1067,1069,1075,1104,1124,1133,1147,1160,1174,1190,1192,1200,1220,1223,1225,1227,1232,1236:Class
0:28:23,46,68,73,79,102,103,106,109,126,169,173,185,201,203,212,240,249,265,266,286,293,295,363,365,380,388,395,440,441,625,631,657,669,681,686,743,751,763,772,779,788,804,806,835,867,871,898,909,923,933,962,963,967,972,976,978,995,999,1014,1020,1034,1051,1059,1061,1077,1094,1129,1188,1198,1220:Class
0:29:15,98,109,121,147,149,152,156,178,195,210,224,240,259,266,268,271,297,299,302,315,324,325,350,352,353,368,386,395,439,448,460,470,474,496,509,516,523,540,577,591,601,609,644,662,701,718,720,745,764,778,788,800,902,996,999,1031,1052,1067,1104,1107,1116,1120,1130,1132,1133,1140,1170,1208,1219:Class
0:30:8,68,118,135,138,142,145,185,187,198,229,242,287,292,297,326,355,404,439,453,467,477,482,500,505,551,568,579,608,630,632,681,715,720,722,731,739,748,762,782,832,841,854,869,880,884,968,980,997,1011,1019,1076,1126,1135,1137,1151,1187,1228,1234:Class
0:31:10,20,24,59,74,101,113,124,139,162,169,214,260,294,299,327,354,368,407,413,430,439,448,453,454,498,522,540,571,605,624,632,646,648,654,668,684,725,733,742,744,763,767,776,783,825,871,902,919,930,965,978,1008,1036,1044,1124,1132,1140,1142,1155,1158,1167,1189,1200,1203,1206,1213,1220,1229,1233:Class
0:32:10,23,78,82,105,114,131,152,181,196,213,220,230,241,244,247,261,348,370,383,419,426,429,441,461,482,485,487,498,505,519,526,557,580,581,599,638,653,667,668,672,676,678,700,727,748,790,813,821,846,889,892,901,921,932,941,946,959,962,964,970,981,982,990,992,1041,1089,1102,1107,1121,1129,1138,1140,1149,1159,1166,1169,1174,1177:Class
0:33:11,30,67,94,106,117,121,125,135,149,154,181,182,191,193,228,231,258,262,263,288,307,319,326,327,338,340,343,356,360,364,365,369,383,384,436,445,460,471,472,485,516,521,523,546,547,548,568,599,608,630,633,638,676,698,703,705,722,738,796,814,838,842,845,852,864,871,874,922,930,943,944,964,984,985,991,996,1009,1018,1029,1041,1052,1058,1105,1124,1146,1156,1158,1159,1165,1178,1184,1189,1214,1217,1224,1227:Class
0:34:11,15,29,49,53,66,67,99,111,127,132,146,156,186,188,196,215,227,229,243,244,272,282,301,306,307,311,326,337,341,354,368,380,390,402,413,425,440,449,466,475,476,498,523,539,543,569,570,579,581,592,595,609,610,618,640,650,678,692,716,748,750,759,761,805,826,837,850,862,866,876,887,903,965,973,976,984,998,1000,1007,1017,1031,1041,1068,1079,1090,1120,1163,1210,1220,1231:Class
0:35:3,16,24,55,62,102,112,135,162,178,196,222,223,230,245,258,287,293,304,313,341,362,370,436,450,456,462,500,512,533,534,564,587,595,600,608,623,632,638,647,660,681,703,716,724,738,776,778,798,881,886,927,928,945,971,981,982,986,995,998,1010,1025,1042,1056,1230,1231,1234:Class
0:36:9,20,27,34,36,41,66,71,82,94,98,126,139,142,186,189,216,249,256,257,260,266,289,292,300,328,337,359,365,373,386,398,435,444,478,480,486,492,510,538,607,644,740,745,746,751,758,768,777,800,827,835,842,848,851,864,874,902,923,938,939,969,1008,1012,1019,1093,1102,1108,1117,1120,1121,1125,1137,1138,1163,1196,1224:Class
0:37:23,46,55,67,70,73,79,85,126,130,173,183,189,219,257,262,291,324,372,398,403,416,420,435,436,440,444,476,486,494,495,523,558,564,576,587,593,600,625,648,665,711,713,717,738,750,757,758,806,842,857,873,887,892,903,912,930,933,952,963,970,981,989,1010,1026,1033,1080,1107,1124,1137,1167,1179,1188:Class
0:38:30,36,54,67,72,98,121,124,140,145,180,184,241,252,265,281,284,287,294,343,364,391,408,414,426,451,467,475,487,495,508,543,546,568,573,617,627,692,708,717,762,768,771,787,793,797,819,835,837,841,843,857,883,884,888,907,940,942,972,1001,1011,1020,1028,1032,1040,1049,1093,1137,1169,1212:Class
0:39:3,4,8,13,48,75,81,109,136,146,164,171,173,215,217,221,231,244,288,346,355,360,415,422,430,457,490,496,501,502,507,512,570,573,626,664,697,701,716,723,725,726,777,780,798,803,814,832,851,858,940,948,976,995,1001,1003,1017,1023,1032,1061,1082,1091,1112,1125,1130,1134,1160,1180,1188,1191,1203,1226,1229,1236:Class
0:40:48,69,74,76,79,104,107,118,143,159,173,223,229,248,257,267,276,286,287,297,332,371,383,384,394,412,427,448,496,498,508,546,597,617,634,647,648,656,687,729,735,740,747,758,763,778,788,792,837,860,867,903,918,990,1032,1033,1047,1068,1079,1121,1125,1129,1130,1133,1135,1136,1140,1156,1171,1206,1215,1226,1227,1231:Class
