11
Location Index:Agents:Time Interval
1:0,91,50,25,99,16,48,67,28,96,50,4,80:10
0:74,4,62,93,73,44,56:60
0:7,21,89,8,27,80,40,21,5,85,48,40,47,44,77,28,83:30
0:45,2,58,75,53,99,82,23,42,63,9:45
0:70,79,66,53,46,99,73,66,31,61,49,14,21,54,55,37,57,23,72:45
0:17,13,47,80,92,35,39,66,86,75,83,14,25,97,65,21,33:30
1:53,69,20,0,61,11,55,39,69,35,58:45
1:80,7,55:30
1:49,34,43,54,73,35,38,82,39,50,66,41,90,93,3,96,90,40,83:45
1:8,63,58,69,43,4,78,97,20,14,9,74,37,29,12,58,29,63:45
0:21,39,32,72,31,7,55,40,76,38,75,69:45
