18
Location Index:Agents
3:58,27,92,6,81,24,44,27,26,98,18,5,50,3,82,42
3:99,45,24,34,95,56,37,66,30,97,89,80,78,19,77,67,72,51,93
5:36,91,60,80,47,72,13
3:24,90,23,4,18,53,53,59,15,82,29,42,62,26,11,4,45,95
6:21,92,48,59,5,54,33,4,88,6,40,26,21,94,23,41,14,11
0:14,65
4:19,39,63,32,30,99,21,28,71,81,92,13,73,36,31,32,1
9:71,22,40,35,26
4:75
7:90,81,17,68,56
6:92,78,8,59,70,5,78,82,61,10,65,81,65,86
6:59,63,75,53,32,91,98,51,97,6,61,18,78
9:97
4:64
3:81,52,83,12
7:88,85,82,89,2,22,42,2,23,0,12,56,87
5:49,87,26,99,44,91,24,59,70,3,98,82,3,39,79
6:5,26,81,33,75,51,11,42,22,41,31,15,88,0
